    0.13662  0.00160362  0.00109125  0.00152532  0.00138064  0.00119868  0.00141133  0.00174621  0.00168591  0.00173541   0.0024187  0.00175921  0.00179552  0.00192614 0.000663099  0.00203718  0.00193945  0.00248519  0.00181685  0.00194222  0.00179243  0.00146665  0.00178507
 0.00160362   0.0113811   0.0112414   0.0119839   0.0118092   0.0127294   0.0126171  0.00846176  0.00779725  0.00857439  0.00600312  0.00962443  0.00421853  0.00485754  0.00571092  0.00830582  0.00883387  0.00784933  0.00886884  0.00737164  0.00979207   0.0123919  0.00909237
 0.00109125   0.0112414   0.0412611   0.0117445   0.0161013   0.0180519   0.0144886  0.00569187  0.00488937  0.00573257  0.00577615  0.00726121  0.00272845   0.0031749   0.0137896  0.00584278  0.00637146  0.00575499  0.00629711  0.00504413    0.008476   0.0124063   0.0064916
 0.00152532   0.0119839   0.0117445   0.0149367   0.0124799   0.0147645   0.0145479   0.0101493  0.00933211   0.0102988  0.00621085   0.0115941  0.00481409  0.00559362  0.00590916  0.00980482   0.0104322    0.008953   0.0106393  0.00872854   0.0110708   0.0150036   0.0109451
 0.00138064   0.0118092   0.0161013   0.0124799   0.0157307   0.0151024   0.0142919  0.00740681  0.00662017  0.00748597  0.00603955  0.00886402  0.00362158   0.0041922  0.00770894  0.00739978  0.00795226  0.00707176  0.00795249  0.00649944  0.00950768   0.0130472  0.00817192
 0.00119868   0.0127294   0.0180519   0.0147645   0.0151024   0.0247235   0.0174205  0.00798004  0.00685983  0.00805521  0.00607197   0.0100908  0.00363448  0.00427548   0.0122295  0.00801774   0.0087025  0.00748707  0.00879496   0.0069726   0.0104854   0.0171947  0.00909336
 0.00141133   0.0126171   0.0144886   0.0145479   0.0142919   0.0174205   0.0163276  0.00911183  0.00815464  0.00922248  0.00624263   0.0108519  0.00428224  0.00499642  0.00744341  0.00896705  0.00961437  0.00829493  0.00975291  0.00790513   0.0108341   0.0159131   0.0100489
 0.00174621  0.00846176  0.00569187   0.0101493  0.00740681  0.00798004  0.00911183   0.0173583   0.0206332   0.0181999  0.00557335   0.0144345  0.00776458   0.0087852  0.00252035   0.0133181   0.0136147   0.0111188   0.0148595   0.0127538   0.0102482   0.0111746   0.0152813
 0.00168591  0.00779725  0.00488937  0.00933211  0.00662017  0.00685983  0.00815464   0.0206332   0.0353931   0.0220003  0.00532389   0.0144185  0.00832382  0.00935847  0.00209683   0.0134736   0.0136678   0.0110286   0.0153583    0.013335  0.00979934   0.0101525   0.0158328
 0.00173541  0.00857439  0.00573257   0.0102988  0.00748597  0.00805521  0.00922248   0.0181999   0.0220003   0.0194367  0.00564734   0.0148009  0.00766454  0.00874875  0.00253079   0.0136059   0.0139336   0.0113314   0.0152603   0.0129797   0.0104269   0.0113452   0.0157339
  0.0024187  0.00600312  0.00577615  0.00621085  0.00603955  0.00607197  0.00624263  0.00557335  0.00532389  0.00564734  0.00506433  0.00594356  0.00317649  0.00355938  0.00361188   0.0055519  0.00579515  0.00554236  0.00568959  0.00495271   0.0059302  0.00634063  0.00578318
 0.00175921  0.00962443  0.00726121   0.0115941  0.00886402   0.0100908   0.0108519   0.0144345   0.0144185   0.0148009  0.00594356    0.014668  0.00682767   0.0078429  0.00337495   0.0129665   0.0135147   0.0110865   0.0142294    0.011886   0.0109752   0.0129723   0.0146211
 0.00179552  0.00421853  0.00272845  0.00481409  0.00362158  0.00363448  0.00428224  0.00776458  0.00832382  0.00766454  0.00317649  0.00682767    0.012953   0.0108195  0.00121885  0.00730359  0.00690551  0.00622086  0.00739755  0.00839863  0.00514073  0.00507414  0.00729739
 0.00192614  0.00485754   0.0031749  0.00559362   0.0041922  0.00427548  0.00499642   0.0087852  0.00935847  0.00874875  0.00355938   0.0078429   0.0108195   0.0103314  0.00141679  0.00817109  0.00783988  0.00696845  0.00836859  0.00899095   0.0058914  0.00594561  0.00831695
0.000663099  0.00571092   0.0137896  0.00590916  0.00770894   0.0122295  0.00744341  0.00252035  0.00209683  0.00253079  0.00361188  0.00337495  0.00121885  0.00141679   0.0457863  0.00266806  0.00294794  0.00277819  0.00285965  0.00226602   0.0042393  0.00635526  0.00295182
 0.00203718  0.00830582  0.00584278  0.00980482  0.00739978  0.00801774  0.00896705   0.0133181   0.0134736   0.0136059   0.0055519   0.0129665  0.00730359  0.00817109  0.00266806    0.013973   0.0131128   0.0113063   0.0130611   0.0114614   0.0097832   0.0107265   0.0132633
 0.00193945  0.00883387  0.00637146   0.0104322  0.00795226   0.0087025  0.00961437   0.0136147   0.0136678   0.0139336  0.00579515   0.0135147  0.00690551  0.00783988  0.00294794   0.0131128     0.01405   0.0113866   0.0134028   0.0114618   0.0102969   0.0114332   0.0136647
 0.00248519  0.00784933  0.00575499    0.008953  0.00707176  0.00748707  0.00829493   0.0111188   0.0110286   0.0113314  0.00554236   0.0110865  0.00622086  0.00696845  0.00277819   0.0113063   0.0113866   0.0114327   0.0110174  0.00971931  0.00906211  0.00958201   0.0111865
 0.00181685  0.00886884  0.00629711   0.0106393  0.00795249  0.00879496  0.00975291   0.0148595   0.0153583   0.0152603  0.00568959   0.0142294  0.00739755  0.00836859  0.00285965   0.0130611   0.0134028   0.0110174   0.0143141   0.0122055    0.010423   0.0118005   0.0146422
 0.00194222  0.00737164  0.00504413  0.00872854  0.00649944   0.0069726  0.00790513   0.0127538    0.013335   0.0129797  0.00495271    0.011886  0.00839863  0.00899095  0.00226602   0.0114614   0.0114618  0.00971931   0.0122055   0.0112491  0.00879971  0.00953374    0.012366
 0.00179243  0.00979207    0.008476   0.0110708  0.00950768   0.0104854   0.0108341   0.0102482  0.00979934   0.0104269   0.0059302   0.0109752  0.00514073   0.0058914   0.0042393   0.0097832   0.0102969  0.00906211    0.010423  0.00879971   0.0103543   0.0116448   0.0106649
 0.00146665   0.0123919   0.0124063   0.0150036   0.0130472   0.0171947   0.0159131   0.0111746   0.0101525   0.0113452  0.00634063   0.0129723  0.00507414  0.00594561  0.00635526   0.0107265   0.0114332  0.00958201   0.0118005  0.00953374   0.0116448   0.0182013   0.0121852
 0.00178507  0.00909237   0.0064916   0.0109451  0.00817192  0.00909336   0.0100489   0.0152813   0.0158328   0.0157339  0.00578318   0.0146211  0.00729739  0.00831695  0.00295182   0.0132633   0.0136647   0.0111865   0.0146422    0.012366   0.0106649   0.0121852   0.0150295
