   0.173226  0.00235849  0.00246569  0.00171527  0.00366876  0.00168464  0.00248262  0.00174528  0.00162388 0.000943396  0.00198378  0.00192665  0.00154776  0.00208102 0.000589623  0.00203774  0.00129155  0.00145138  0.00153576  0.00129587 0.000673854  0.00214408 0.000554939
 0.00235849   0.0416667   0.0262784   0.0142045     0.03125   0.0111607  0.00986842   0.0034375  0.00563525     0.00625  0.00700935  0.00572183 0.000976562  0.00321691           0     0.00575  0.00334821           0   0.0065407  0.00721154  0.00669643   0.0142045   0.0110294
 0.00246569   0.0262784   0.0478056   0.0072314   0.0252525  0.00974026   0.0203349  0.00508523  0.00391207  0.00568182  0.00533666  0.00736236  0.00310724  0.00392714   0.0120739  0.00409091  0.00419372  0.00218531  0.00436047  0.00380869  0.00730519   0.0178202  0.00601604
 0.00171527   0.0142045   0.0072314    0.012987  0.00757576   0.0194805   0.0215311  0.00818182  0.00782414           0  0.00658454   0.0105634   0.0053267  0.00551471           0  0.00927273  0.00838745   0.0104895  0.00634249  0.00549451  0.00162338   0.0247934  0.00668449
 0.00366876     0.03125   0.0252525  0.00757576   0.0457516   0.0119048  0.00877193   0.0118056  0.00956284   0.0166667  0.00363448   0.0105634  0.00520833  0.00469771     0.03125  0.00688889  0.00793651  0.00213675   0.0103359  0.00671551  0.00793651   0.0239899   0.0114379
 0.00168464   0.0111607  0.00974026   0.0194805   0.0119048    0.015873   0.0234962  0.00732143  0.00614754           0  0.00550734  0.00402414  0.00809152  0.00472689  0.00892857  0.00842857  0.00829082  0.00686813  0.00664452  0.00804553   0.0114796   0.0227273  0.00210084
 0.00248262  0.00986842   0.0203349   0.0215311  0.00877193   0.0234962    0.027027   0.0101974   0.0105695  0.00263158  0.00700935   0.0111193  0.00421464  0.00744969  0.00328947  0.00778947   0.0112782  0.00404858  0.00887393  0.00679584   0.0112782   0.0227273   0.0108359
 0.00174528   0.0034375  0.00508523  0.00818182   0.0118056  0.00732143   0.0101974   0.0172932   0.0214344     0.01625   0.0051285   0.0143838  0.00779297  0.00824449   0.0021875     0.01238   0.0129167  0.00740385   0.0140698   0.0111676  0.00732143   0.0113636   0.0158824
 0.00162388  0.00563525  0.00391207  0.00782414  0.00956284  0.00614754   0.0105695   0.0214344   0.0432191   0.0278689  0.00643481   0.0151235    0.008677   0.0108185  0.00256148    0.013377   0.0135636  0.00598991   0.0201106   0.0140966  0.00907494   0.0085693   0.0139826
0.000943396     0.00625  0.00568182           0   0.0166667           0  0.00263158     0.01625   0.0278689   0.0444444  0.00327103   0.0119718  0.00859375  0.00588235           0       0.012   0.0190476  0.00384615   0.0116279   0.0115385           0           0  0.00294118
 0.00198378  0.00700935  0.00533666  0.00658454  0.00363448  0.00550734  0.00700935   0.0051285  0.00643481  0.00327103  0.00527479  0.00557786  0.00326738  0.00375378  0.00292056  0.00528972   0.0059802  0.00530194  0.00619431  0.00532762  0.00383845  0.00637213  0.00494777
 0.00192665  0.00572183  0.00736236   0.0105634   0.0105634  0.00402414   0.0111193   0.0143838   0.0151235   0.0119718  0.00557786     0.01818  0.00632702  0.00766363  0.00440141   0.0127606   0.0150067  0.00758397    0.015149   0.0118403   0.0123239   0.0145647   0.0163629
 0.00154776 0.000976562  0.00310724   0.0053267  0.00520833  0.00809152  0.00421464  0.00779297    0.008677  0.00859375  0.00326738  0.00632702   0.0155025   0.0090332 0.000976562       0.007  0.00590588  0.00661058  0.00776708  0.00766226  0.00516183  0.00479403  0.00654871
 0.00208102  0.00321691  0.00392714  0.00551471  0.00469771  0.00472689  0.00744969  0.00824449   0.0108185  0.00588235  0.00375378  0.00766363   0.0090332   0.0134578  0.00206801  0.00711765   0.0071341  0.00664593  0.00829343  0.00858516  0.00735294  0.00451203  0.00659602
0.000589623           0   0.0120739           0     0.03125  0.00892857  0.00328947   0.0021875  0.00256148           0  0.00292056  0.00440141 0.000976562  0.00206801  0.00833333       0.004  0.00186012  0.00240385  0.00218023  0.00137363           0  0.00426136  0.00551471
 0.00203774     0.00575  0.00409091  0.00927273  0.00688889  0.00842857  0.00778947     0.01238    0.013377       0.012  0.00528972   0.0127606       0.007  0.00711765       0.004   0.0218795   0.0175476  0.00615385   0.0137674   0.0103297  0.00757143   0.0113636   0.0131765
 0.00129155  0.00334821  0.00419372  0.00838745  0.00793651  0.00829082   0.0112782   0.0129167   0.0135636   0.0190476   0.0059802   0.0150067  0.00590588   0.0071341  0.00186012   0.0175476   0.0228115   0.0100733    0.013912   0.0107601  0.00807823  0.00987554   0.0138305
 0.00145138           0  0.00218531   0.0104895  0.00213675  0.00686813  0.00404858  0.00740385  0.00598991  0.00384615  0.00530194  0.00758397  0.00661058  0.00664593  0.00240385  0.00615385   0.0100733   0.0615385   0.0102862  0.00950972    0.010989  0.00437063   0.0124434
 0.00153576   0.0065407  0.00436047  0.00634249   0.0103359  0.00664452  0.00887393   0.0140698   0.0201106   0.0116279  0.00619431    0.015149  0.00776708  0.00829343  0.00218023   0.0137674    0.013912   0.0102862   0.0235294   0.0133529   0.0095515   0.0100423   0.0170999
 0.00129587  0.00721154  0.00380869  0.00549451  0.00671551  0.00804553  0.00679584   0.0111676   0.0140966   0.0115385  0.00532762   0.0118403  0.00766226  0.00858516  0.00137363   0.0103297   0.0107601  0.00950972   0.0133529    0.011414   0.0072606  0.00924076  0.00808016
0.000673854  0.00669643  0.00730519  0.00162338  0.00793651   0.0114796   0.0112782  0.00732143  0.00907494           0  0.00383845   0.0123239  0.00516183  0.00735294           0  0.00757143  0.00807823    0.010989   0.0095515   0.0072606   0.0185185   0.0121753   0.0052521
 0.00214408   0.0142045   0.0178202   0.0247934   0.0239899   0.0227273   0.0227273   0.0113636   0.0085693           0  0.00637213   0.0145647  0.00479403  0.00451203  0.00426136   0.0113636  0.00987554  0.00437063   0.0100423  0.00924076   0.0121753   0.0412262   0.0140374
0.000554939   0.0110294  0.00601604  0.00668449   0.0114379  0.00210084   0.0108359   0.0158824   0.0139826  0.00294118  0.00494777   0.0163629  0.00654871  0.00659602  0.00551471   0.0131765   0.0138305   0.0124434   0.0170999  0.00808016   0.0052521   0.0140374   0.0249554
