  0.259774 0.00544436 0.00380864 0.00569024 0.00457391 0.00434312 0.00510131 0.00673935 0.00668233 0.00673344 0.00597489 0.00660806 0.00676813 0.00705158 0.00227245 0.00743696 0.00711654 0.00832395 0.00689586 0.00721466 0.00628987 0.00556882 0.00677867
0.00544436  0.0325266  0.0314818  0.0342555  0.0332329  0.0350368  0.0356369  0.0274648  0.0260985  0.0280562  0.0153992  0.0306071  0.0137619  0.0152192  0.0184459  0.0258456  0.0277592  0.0252028   0.027883  0.0227903   0.030368  0.0373074  0.0289595
0.00380864  0.0314818  0.0779966  0.0322922  0.0436726  0.0477345   0.039556  0.0185725  0.0167764  0.0189324  0.0137368  0.0233049 0.00912329  0.0101598  0.0395394  0.0184219   0.020281   0.018309  0.0198296  0.0157685  0.0254042  0.0363299  0.0206492
0.00569024  0.0342555  0.0322922  0.0386795  0.0341212  0.0385427     0.0392  0.0318839  0.0302935    0.03264  0.0159066  0.0354864   0.015218  0.0169332  0.0186394  0.0295512  0.0317838  0.0284403  0.0322481  0.0259992  0.0339112  0.0433629   0.033651
0.00457391  0.0332329  0.0436726  0.0341212  0.0432298  0.0411024  0.0391272  0.0226409  0.0209159  0.0230966  0.0149691   0.026945  0.0112607  0.0124955  0.0256426  0.0219653  0.0239066  0.0216607  0.0236466  0.0190555  0.0282508  0.0376842  0.0245892
0.00434312  0.0350368  0.0477345  0.0385427  0.0411024  0.0562497   0.044645  0.0235257  0.0210466  0.0240276   0.014839  0.0295961  0.0109473  0.0122997  0.0350411   0.023126  0.0254604  0.0226344  0.0251783  0.0197258  0.0305026  0.0463514  0.0263518
0.00510131  0.0356369   0.039556     0.0392  0.0391272   0.044645  0.0429912  0.0278039  0.0257443  0.0284203  0.0157128  0.0326944  0.0132379  0.0147782  0.0237499    0.02652  0.0288131  0.0257757  0.0288483  0.0230282  0.0326113   0.044902  0.0301154
0.00673935  0.0274648  0.0185725  0.0318839  0.0226409  0.0235257  0.0278039  0.0495434  0.0551243  0.0519014    0.01507  0.0407027  0.0215626  0.0236516 0.00950986  0.0370283  0.0383586    0.03395  0.0417871  0.0346194  0.0332661  0.0337387  0.0439304
0.00668233  0.0260985  0.0167764  0.0302935  0.0209159  0.0210466  0.0257443  0.0551243  0.0713294  0.0578148  0.0147515  0.0406346  0.0225154  0.0246218 0.00847929  0.0375531  0.0386404  0.0340829   0.042777  0.0356548  0.0324993   0.031262  0.0450805
0.00673344  0.0280562  0.0189324    0.03264  0.0230966  0.0240276  0.0284203  0.0519014  0.0578148  0.0544239  0.0153172  0.0418664  0.0214353  0.0236532 0.00967874   0.037888  0.0393295  0.0346742  0.0429555   0.035279  0.0340502  0.0345753  0.0452922
0.00597489  0.0153992  0.0137368  0.0159066  0.0149691   0.014839  0.0157128    0.01507  0.0147515  0.0153172  0.0117896   0.015713 0.00905664  0.0097332 0.00877021  0.0143206  0.0150097  0.0142939  0.0150061  0.0130268  0.0154912  0.0164619  0.0153844
0.00660806  0.0306071  0.0233049  0.0354864   0.026945  0.0295961  0.0326944  0.0407027  0.0406346  0.0418664   0.015713  0.0406814  0.0191056  0.0211165  0.0124593  0.0353193  0.0373202  0.0330465  0.0391078  0.0317984  0.0347811  0.0393442   0.040908
0.00676813  0.0137619 0.00912329   0.015218  0.0112607  0.0109473  0.0132379  0.0215626  0.0225154  0.0214353 0.00905664  0.0191056  0.0296324  0.0270677 0.00484347  0.0204378  0.0195673   0.018998  0.0206007  0.0224243  0.0165521  0.0152137  0.0204343
0.00705158  0.0152192  0.0101598  0.0169332  0.0124955  0.0122997  0.0147782  0.0236516  0.0246218  0.0236532  0.0097332  0.0211165  0.0270677  0.0259283 0.00536591  0.0219722  0.0213426  0.0204889  0.0224634  0.0234029  0.0182494  0.0170987  0.0224708
0.00227245  0.0184459  0.0395394  0.0186394  0.0256426  0.0350411  0.0237499 0.00950986 0.00847929 0.00967874 0.00877021  0.0124593 0.00484347 0.00536591  0.0818239 0.00968351  0.0107559 0.00977738  0.0103472 0.00822274  0.0142363  0.0209054   0.010761
0.00743696  0.0258456  0.0184219  0.0295512  0.0219653   0.023126    0.02652  0.0370283  0.0375531   0.037888  0.0143206  0.0353193  0.0204378  0.0219722 0.00968351  0.0329907  0.0339768   0.030925  0.0353588  0.0302968  0.0302372  0.0315542  0.0364524
0.00711654  0.0277592   0.020281  0.0317838  0.0239066  0.0254604  0.0288131  0.0383586  0.0386404  0.0393295  0.0150097  0.0373202  0.0195673  0.0213426  0.0107559  0.0339768  0.0357104  0.0320045  0.0367884  0.0307647   0.032108  0.0342504  0.0381062
0.00832395  0.0252028   0.018309  0.0284403  0.0216607  0.0226344  0.0257757    0.03395  0.0340829  0.0346742  0.0142939  0.0330465   0.018998  0.0204889 0.00977738   0.030925  0.0320045  0.0298762  0.0327739  0.0282044  0.0290536   0.030109  0.0337326
0.00689586   0.027883  0.0198296  0.0322481  0.0236466  0.0251783  0.0288483  0.0417871   0.042777  0.0429555  0.0150061  0.0391078  0.0206007  0.0224634  0.0103472  0.0353588  0.0367884  0.0327739   0.039055  0.0325135  0.0328085  0.0348194  0.0407218
0.00721466  0.0227903  0.0157685  0.0259992  0.0190555  0.0197258  0.0230282  0.0346194  0.0356548   0.035279  0.0130268  0.0317984  0.0224243  0.0234029 0.00822274  0.0302968  0.0307647  0.0282044  0.0325135  0.0291556  0.0270365  0.0273748  0.0333501
0.00628987   0.030368  0.0254042  0.0339112  0.0282508  0.0305026  0.0326113  0.0332661  0.0324993  0.0340502  0.0154912  0.0347811  0.0165521  0.0182494  0.0142363  0.0302372   0.032108  0.0290536  0.0328085  0.0270365  0.0324066  0.0367856  0.0340842
0.00556882  0.0373074  0.0363299  0.0433629  0.0376842  0.0463514   0.044902  0.0337387   0.031262  0.0345753  0.0164619  0.0393442  0.0152137  0.0170987  0.0209054  0.0315542  0.0342504   0.030109  0.0348194  0.0273748  0.0367856  0.0537116  0.0365708
0.00677867  0.0289595  0.0206492   0.033651  0.0245892  0.0263518  0.0301154  0.0439304  0.0450805  0.0452922  0.0153844   0.040908  0.0204343  0.0224708   0.010761  0.0364524  0.0381062  0.0337326  0.0407218  0.0333501  0.0340842  0.0365708  0.0425057
