   0.33549 0.00589623 0.00493139 0.00300172 0.00733753 0.00640162  0.0071996 0.00759434 0.00858336 0.00377358 0.00551049 0.00684294  0.0065227 0.00742231 0.00412736 0.00607547 0.00460467  0.0032656 0.00570426 0.00601286 0.00505391 0.00578902 0.00416204
0.00589623  0.0666667  0.0646307  0.0255682  0.0486111  0.0446429  0.0296053  0.0159375  0.0220287      0.025  0.0132886  0.0286092 0.00854492  0.0105699 0.00390625      0.017  0.0130208 0.00721154  0.0188953  0.0168269  0.0178571  0.0610795  0.0257353
0.00493139  0.0646307   0.114159   0.026343  0.0707071  0.0397727  0.0361842  0.0164489  0.0125745  0.0147727  0.0135939  0.0264085  0.0105646  0.0120321  0.0348011  0.0150455  0.0167073 0.00786713  0.0150634  0.0132992  0.0227273  0.0431302  0.0243984
0.00300172  0.0255682   0.026343    0.04329  0.0479798  0.0373377  0.0394737  0.0282955   0.023845  0.0181818  0.0134877  0.0380922  0.0161577  0.0160428  0.0113636  0.0261818  0.0246212  0.0244755  0.0211416   0.026973  0.0211039  0.0692149  0.0347594
0.00733753  0.0486111  0.0707071  0.0479798   0.111111  0.0575397  0.0350877  0.0286111  0.0314208  0.0388889  0.0150571    0.03482  0.0138889  0.0104167  0.0486111  0.0193333  0.0171958 0.00854701  0.0251938  0.0192308  0.0297619  0.0467172  0.0228758
0.00640162  0.0446429  0.0397727  0.0373377  0.0575397  0.0661376  0.0432331  0.0233036  0.0228337  0.0321429  0.0143525  0.0241449  0.0195312  0.0152311  0.0223214      0.021  0.0195578  0.0151099  0.0249169  0.0257064  0.0306122  0.0592532  0.0168067
 0.0071996  0.0296053  0.0361842  0.0394737  0.0350877  0.0432331  0.0483642  0.0260526  0.0286885  0.0236842  0.0150639  0.0340993  0.0140831  0.0180921  0.0115132  0.0229474  0.0258459    0.01417  0.0266218  0.0202429  0.0291353  0.0610048  0.0363777
0.00759434  0.0159375  0.0164489  0.0282955  0.0286111  0.0233036  0.0260526  0.0494987  0.0558402      0.052  0.0149533  0.0420599  0.0222754  0.0234283  0.0084375    0.03344   0.035997  0.0250962   0.038343  0.0315934    0.02625  0.0358523  0.0536765
0.00858336  0.0220287  0.0125745   0.023845  0.0314208  0.0228337  0.0286885  0.0558402   0.103238  0.0745902  0.0153976  0.0399446  0.0226691   0.026338 0.00614754  0.0353115  0.0328845  0.0236444  0.0456538  0.0349487  0.0222482  0.0305514  0.0515911
0.00377358      0.025  0.0147727  0.0181818  0.0388889  0.0321429  0.0236842      0.052  0.0745902   0.133333   0.013785  0.0422535  0.0207031  0.0165441          0      0.042  0.0511905  0.0115385  0.0406977  0.0307692          0  0.0204545  0.0470588
0.00551049  0.0132886  0.0135939  0.0134877  0.0150571  0.0143525  0.0150639  0.0149533  0.0153976   0.013785  0.0123772  0.0162729 0.00919977  0.0103938  0.0073014   0.013514  0.0147836  0.0119518   0.014073  0.0135822  0.0109312  0.0172579  0.0144997
0.00684294  0.0286092  0.0264085  0.0380922    0.03482  0.0241449  0.0340993  0.0420599  0.0399446  0.0422535  0.0162729   0.049046  0.0183759  0.0204795 0.00836268   0.035493  0.0425469  0.0260022   0.042663   0.032464   0.040996  0.0358515  0.0582022
 0.0065227 0.00854492  0.0105646  0.0161577  0.0138889  0.0195312  0.0140831  0.0222754  0.0226691  0.0207031 0.00919977  0.0183759  0.0371017  0.0237534 0.00537109  0.0183281  0.0182292  0.0165264  0.0203943  0.0201751  0.0136719  0.0134055  0.0247013
0.00742231  0.0105699  0.0120321  0.0160428  0.0104167  0.0152311  0.0180921  0.0234283   0.026338  0.0165441  0.0103938  0.0204795  0.0237534  0.0334274 0.00620404  0.0188824  0.0186012  0.0172511  0.0197076  0.0224022  0.0193015  0.0159592  0.0217344
0.00412736 0.00390625  0.0348011  0.0113636  0.0486111  0.0223214  0.0115132  0.0084375 0.00614754          0  0.0073014 0.00836268 0.00537109 0.00620404  0.0166667    0.01275 0.00669643 0.00721154 0.00508721 0.00858516  0.0178571  0.0184659  0.0110294
0.00607547      0.017  0.0150455  0.0261818  0.0193333      0.021  0.0229474    0.03344  0.0353115      0.042   0.013514   0.035493  0.0183281  0.0188824    0.01275  0.0532048  0.0453333       0.02  0.0351628  0.0291429  0.0251429  0.0290909  0.0396471
0.00460467  0.0130208  0.0167073  0.0246212  0.0171958  0.0195578  0.0258459   0.035997  0.0328845  0.0511905  0.0147836  0.0425469  0.0182292  0.0186012 0.00669643  0.0453333  0.0600941  0.0306777  0.0332918  0.0298273  0.0227466  0.0282738  0.0446429
 0.0032656 0.00721154 0.00786713  0.0244755 0.00854701  0.0151099    0.01417  0.0250962  0.0236444  0.0115385  0.0119518  0.0260022  0.0165264  0.0172511 0.00721154       0.02  0.0306777   0.107692  0.0281753  0.0236686  0.0260989  0.0122378  0.0328054
0.00570426  0.0188953  0.0150634  0.0211416  0.0251938  0.0249169  0.0266218   0.038343  0.0456538  0.0406977   0.014073   0.042663  0.0203943  0.0197076 0.00508721  0.0351628  0.0332918  0.0281753  0.0492476  0.0344365  0.0282392  0.0311839  0.0512996
0.00601286  0.0168269  0.0132992   0.026973  0.0192308  0.0257064  0.0202429  0.0315934  0.0349487  0.0307692  0.0135822   0.032464  0.0201751  0.0224022 0.00858516  0.0291429  0.0298273  0.0236686  0.0344365  0.0299314  0.0229592  0.0262238  0.0266645
0.00505391  0.0178571  0.0227273  0.0211039  0.0297619  0.0306122  0.0291353    0.02625  0.0222482          0  0.0109312   0.040996  0.0136719  0.0193015  0.0178571  0.0251429  0.0227466  0.0260989  0.0282392  0.0229592   0.037037   0.036526  0.0315126
0.00578902  0.0610795  0.0431302  0.0692149  0.0467172  0.0592532  0.0610048  0.0358523  0.0305514  0.0204545  0.0172579  0.0358515  0.0134055  0.0159592  0.0184659  0.0290909  0.0282738  0.0122378  0.0311839  0.0262238   0.036526  0.0909091  0.0487968
0.00416204  0.0257353  0.0243984  0.0347594  0.0228758  0.0168067  0.0363777  0.0536765  0.0515911  0.0470588  0.0144997  0.0582022  0.0247013  0.0217344  0.0110294  0.0396471  0.0446429  0.0328054  0.0512996  0.0266645  0.0315126  0.0487968  0.0695187
