  0.0249284  0.00227761   0.0378957  0.00216177  0.00499853  0.00135031  0.00308906  0.00124146  0.00132314  0.00634154  0.00312192    0.007502  0.00203149   0.0027933  0.00571356  0.00713842  0.00203149   0.0113375  0.00319234
 0.00227761   0.0527132  0.00205128   0.0192642 0.000809717  0.00149471  0.00298643   0.0017094 0.000404858    0.002079  0.00769231  0.00175824 0.000699301 0.000854701   0.0013986 0.000854701           0  0.00316742   0.0010989
  0.0378957  0.00205128    0.134463  0.00144928  0.00263158  0.00197472  0.00254902  0.00185185  0.00175439  0.00630631  0.00294118  0.00333333           0           0  0.00530303  0.00185185  0.00151515  0.00588235  0.00119048
 0.00216177   0.0192642  0.00144928   0.0907704  0.00183066  0.00119514  0.00204604  0.00193237  0.00228833  0.00235018  0.00358056  0.00136646 0.000790514  0.00289855  0.00118577  0.00193237           0  0.00153453           0
 0.00499853 0.000809717  0.00263158  0.00183066   0.0292398   0.0032427  0.00557276  0.00584795   0.0193906           0  0.00309598   0.0165414   0.0382775   0.0175439   0.0382775   0.0233918  0.00956938           0   0.0150376
 0.00135031  0.00149471  0.00197472  0.00119514   0.0032427   0.0152561  0.00178422   0.0105319  0.00823148   0.0012809   0.0114302  0.00243737  0.00344679   0.0073723  0.00215424  0.00263296  0.00560103  0.00195149  0.00338524
 0.00308906  0.00298643  0.00254902  0.00204604  0.00557276  0.00178422   0.0092437  0.00261438           0  0.00794913  0.00276817  0.00420168           0  0.00261438  0.00106952  0.00261438  0.00427807  0.00276817  0.00252101
 0.00124146   0.0017094  0.00185185  0.00193237  0.00584795   0.0105319  0.00261438     1.77778     1.12281           0           0   0.0015873    0.282828    0.148148    0.010101   0.0123457     0.20202  0.00653595  0.00793651
 0.00132314 0.000404858  0.00175439  0.00228833   0.0193906  0.00823148           0     1.12281    0.701754  0.00142248  0.00619195  0.00601504    0.162679    0.122807   0.0191388  0.00584795    0.244019           0   0.0075188
 0.00634154    0.002079  0.00630631  0.00235018           0   0.0012809  0.00794913           0  0.00142248    0.045045  0.00794913  0.00656371  0.00737101    0.003003  0.00614251           0    0.004914   0.0174881   0.0019305
 0.00312192  0.00769231  0.00294118  0.00358056  0.00309598   0.0114302  0.00276817           0  0.00619195  0.00794913    0.139706  0.00420168           0           0           0   0.0130719           0  0.00346021           0
   0.007502  0.00175824  0.00333333  0.00136646   0.0165414  0.00243737  0.00420168   0.0015873  0.00601504  0.00656371  0.00420168   0.0173913   0.0103896  0.00793651   0.0201299  0.00634921  0.00909091  0.00840336   0.0112245
 0.00203149 0.000699301           0 0.000790514   0.0382775  0.00344679           0    0.282828    0.162679  0.00737101           0   0.0103896   0.0727273    0.181818   0.0371901    0.030303   0.0991736  0.00534759    0.012987
  0.0027933 0.000854701           0  0.00289855   0.0175439   0.0073723  0.00261438    0.148148    0.122807    0.003003           0  0.00793651    0.181818    0.388889    0.040404   0.0123457    0.191919   0.0130719    0.015873
 0.00571356   0.0013986  0.00530303  0.00118577   0.0382775  0.00215424  0.00106952    0.010101   0.0191388  0.00614251           0   0.0201299   0.0371901    0.040404   0.0562771   0.0505051   0.0330579   0.0106952   0.0194805
 0.00713842 0.000854701  0.00185185  0.00193237   0.0233918  0.00263296  0.00261438   0.0123457  0.00584795           0   0.0130719  0.00634921    0.030303   0.0123457   0.0505051   0.0277778    0.020202           0    0.031746
 0.00203149           0  0.00151515           0  0.00956938  0.00560103  0.00427807     0.20202    0.244019    0.004914           0  0.00909091   0.0991736    0.191919   0.0330579    0.020202    0.290909  0.00534759           0
  0.0113375  0.00316742  0.00588235  0.00153453           0  0.00195149  0.00276817  0.00653595           0   0.0174881  0.00346021  0.00840336  0.00534759   0.0130719   0.0106952           0  0.00534759   0.0588235  0.00420168
 0.00319234   0.0010989  0.00119048           0   0.0150376  0.00338524  0.00252101  0.00793651   0.0075188   0.0019305           0   0.0112245    0.012987    0.015873   0.0194805    0.031746           0  0.00420168   0.0659341
