 0.727187 0.0613981 0.0501954  0.065196 0.0546912 0.0526147  0.059633 0.0757492  0.075867 0.0759228 0.0592631 0.0725424 0.0700566 0.0716542 0.0425511 0.0766517  0.074643 0.0786905 0.0751596 0.0748453 0.0681006 0.0661474 0.0752116
0.0613981  0.247532  0.223413  0.272379  0.237636  0.249559  0.267574  0.230478  0.221575  0.235497  0.126258  0.260995  0.123809  0.131037  0.173634  0.197968  0.221372  0.190296  0.225332  0.175713  0.244375  0.308128  0.240394
0.0501954  0.223413  0.288351  0.242564  0.252713  0.286943  0.264736  0.171156  0.162351  0.175074  0.115255  0.209627 0.0943019  0.099788  0.226176  0.152826  0.173657  0.149876  0.171652  0.133413  0.205614  0.284833  0.182833
 0.065196  0.272379  0.242564  0.323685  0.258911  0.279297  0.306133  0.275091    0.2634  0.281854  0.135165  0.314564  0.139064  0.147909  0.183487  0.230324  0.259489  0.217911  0.267839  0.203706  0.283156  0.373171  0.288265
0.0546912  0.237636  0.252713  0.258911  0.262652  0.273288  0.273398  0.194801  0.185679  0.199207  0.121301  0.231818  0.105958  0.112163  0.200607  0.171264  0.193591  0.166585  0.193471  0.150367  0.223494  0.300113   0.20626
0.0526147  0.249559  0.286943  0.279297  0.273288  0.338804  0.301691  0.192534  0.181129   0.19736  0.123396  0.241336  0.101395  0.107789  0.240945  0.170703  0.195871  0.166414  0.193841  0.147467  0.233123  0.341183  0.207705
 0.059633  0.267574  0.264736  0.306133  0.273398  0.301691  0.315014  0.235962  0.224237  0.241798  0.131211  0.280868  0.121643  0.129347  0.204718  0.202811  0.230272  0.194539  0.233211  0.177593  0.261686  0.363588   0.25043
0.0757492  0.230478  0.171156  0.275091  0.194801  0.192534  0.235962  0.419517  0.427682  0.428875  0.129169  0.342395  0.191839  0.202881  0.126131  0.285591  0.303342  0.254542  0.353253  0.274034  0.274051  0.300276  0.387062
 0.075867  0.221575  0.162351    0.2634  0.185679  0.181129  0.224237  0.427682  0.480086   0.43725  0.126679  0.332302  0.196744  0.207154  0.120133  0.282435  0.297648  0.251044  0.348757  0.274488  0.265363  0.283679  0.381318
0.0759228  0.235497  0.175074  0.281854  0.199207   0.19736  0.241798  0.428875   0.43725  0.440469  0.131006  0.350829  0.191885  0.203342  0.128763   0.29005  0.309178   0.25853  0.360005  0.277004  0.280028  0.308757  0.395947
0.0592631  0.126258  0.115255  0.135165  0.121301  0.123396  0.131211  0.129169  0.126679  0.131006 0.0936557  0.135911  0.084998 0.0882625 0.0961067  0.116334  0.124558  0.114515  0.125944  0.107142  0.129658  0.144813  0.131314
0.0725424  0.260995  0.209627  0.314564  0.231818  0.241336  0.280868  0.342395  0.332302  0.350829  0.135911  0.361261  0.166928  0.177579  0.154312  0.271516  0.300684  0.248974  0.325464  0.245593   0.29593   0.36118  0.352767
0.0700566  0.123809 0.0943019  0.139064  0.105958  0.101395  0.121643  0.191839  0.196744  0.191885  0.084998  0.166928  0.194465  0.185622 0.0745021   0.16895  0.164884   0.15401  0.180432  0.178883  0.144337  0.143189  0.183615
0.0716542  0.131037  0.099788  0.147909  0.112163  0.107789  0.129347  0.202881  0.207154  0.203342 0.0882625  0.177579  0.185622  0.183658 0.0783378  0.176772  0.173827  0.161076   0.19056  0.184935  0.152842  0.153233  0.194838
0.0425511  0.173634  0.226176  0.183487  0.200607  0.240945  0.204718  0.126131  0.120133  0.128763 0.0961067  0.154312 0.0745021 0.0783378  0.262861  0.114957  0.129704  0.114343  0.127002    0.1013   0.15586  0.209873  0.134316
0.0766517  0.197968  0.152826  0.230324  0.171264  0.170703  0.202811  0.285591  0.282435   0.29005  0.116334  0.271516   0.16895  0.176772  0.114957  0.244039  0.252667  0.221615  0.272299   0.22609  0.229414  0.249717  0.284919
 0.074643  0.221372  0.173657  0.259489  0.193591  0.195871  0.230272  0.303342  0.297648  0.309178  0.124558  0.300684  0.164884  0.173827  0.129704  0.252667  0.273365  0.232551  0.289599  0.230069  0.254298  0.285896  0.306739
0.0786905  0.190296  0.149876  0.217911  0.166585  0.166414  0.194539  0.254542  0.251044   0.25853  0.114515  0.248974   0.15401  0.161076  0.114343  0.221615  0.232551  0.216995  0.243458  0.203371  0.217079  0.235373  0.255161
0.0751596  0.225332  0.171652  0.267839  0.193471  0.193841  0.233211  0.353253  0.348757  0.360005  0.125944  0.325464  0.180432   0.19056  0.127002  0.272299  0.289599  0.243458  0.330429  0.256742  0.264145  0.295128  0.352559
0.0748453  0.175713  0.133413  0.203706  0.150367  0.147467  0.177593  0.274034  0.274488  0.277004  0.107142  0.245593  0.178883  0.184935    0.1013   0.22609  0.230069  0.203371  0.256742  0.225446  0.205694  0.217649  0.267238
0.0681006  0.244375  0.205614  0.283156  0.223494  0.233123  0.261686  0.274051  0.265363  0.280028  0.129658   0.29593  0.144337  0.152842   0.15586  0.229414  0.254298  0.217079  0.264145  0.205694  0.267116  0.317262   0.28228
0.0661474  0.308128  0.284833  0.373171  0.300113  0.341183  0.363588  0.300276  0.283679  0.308757  0.144813   0.36118  0.143189  0.153233  0.209873  0.249717  0.285896  0.235373  0.295128  0.217649  0.317262  0.503564  0.321123
0.0752116  0.240394  0.182833  0.288265   0.20626  0.207705   0.25043  0.387062  0.381318  0.395947  0.131314  0.352767  0.183615  0.194838  0.134316  0.284919  0.306739  0.255161  0.352559  0.267238   0.28228  0.321123  0.384643
