 0.825157 0.0583726 0.0452401 0.0746141 0.0607966 0.0505391 0.0543694  0.070684 0.0774049 0.0924528 0.0507186 0.0645761 0.0687279 0.0705813 0.0465802 0.0671321  0.067217 0.0511611 0.0711935 0.0683703 0.0569407 0.0593911 0.0801887
0.0583726  0.508333  0.411222  0.369318  0.454861  0.310268  0.347039  0.220156  0.209016   0.18125  0.116092  0.265845  0.118896   0.11466  0.191406   0.17275  0.194196  0.139423  0.219477  0.160371  0.283482  0.522727  0.233456
0.0452401  0.411222   0.55094  0.284091  0.427399  0.301136  0.260467  0.169233   0.16468  0.203409  0.107025  0.190861 0.0992987 0.0994736   0.21946  0.141455  0.151921  0.109703  0.156448  0.136301  0.193182  0.331095  0.184826
0.0746141  0.369318  0.284091  0.554113  0.396465  0.342532  0.355263  0.273182  0.247019      0.35  0.127549  0.338668  0.137607  0.162767  0.150568  0.239091  0.265693   0.20979  0.254228  0.207293  0.295455   0.53719  0.356952
0.0607966  0.454861  0.427399  0.396465  0.562092   0.35119  0.340643  0.219861  0.228597  0.272222  0.114097  0.273474  0.117188  0.124387  0.173611  0.173333  0.182209 0.0961538  0.198966  0.149267  0.267857  0.497475  0.205882
0.0505391  0.310268  0.301136  0.342532   0.35119  0.267196  0.254699  0.177411  0.198185  0.210714  0.101719  0.226107  0.117606  0.109375  0.191964  0.157714  0.161565  0.118132  0.184385  0.131672  0.220663  0.403409  0.196429
0.0543694  0.347039  0.260467  0.355263  0.340643  0.254699  0.361309  0.237632  0.228645  0.234211  0.111596  0.283358   0.12685  0.131482  0.136513  0.206632  0.211153   0.15081  0.232252  0.184355  0.277256  0.444976  0.246904
 0.070684  0.220156  0.169233  0.273182  0.219861  0.177411  0.237632  0.406203  0.435328   0.45275   0.13295  0.333239  0.197178  0.203254  0.116719   0.28712  0.293482  0.211538  0.343343  0.270275  0.298036  0.297045  0.421029
0.0774049  0.209016   0.16468  0.247019  0.228597  0.198185  0.228645  0.435328  0.609673       0.5  0.138521   0.31592  0.217405  0.217032 0.0978484  0.276918  0.277469  0.217213  0.323961  0.284228  0.265808  0.286513  0.389344
0.0924528   0.18125  0.203409      0.35  0.272222  0.210714  0.234211   0.45275       0.5  0.422222  0.135981  0.343662  0.210156  0.207721   0.11875      0.32  0.324405  0.288462  0.368605  0.282967  0.303571  0.293182  0.432353
0.0507186  0.116092  0.107025  0.127549  0.114097  0.101719  0.111596   0.13295  0.138521  0.135981 0.0824159  0.131614 0.0868593 0.0879948 0.0839661  0.113383  0.118046  0.102983  0.127092  0.106565  0.126836  0.136151  0.138057
0.0645761  0.265845  0.190861  0.338668  0.273474  0.226107  0.283358  0.333239   0.31592  0.343662  0.131614  0.351813  0.165906  0.168962  0.135123   0.27107  0.295817  0.190953  0.320832  0.230305  0.288984  0.387324    0.4186
0.0687279  0.118896 0.0992987  0.137607  0.117188  0.117606   0.12685  0.197178  0.217405  0.210156 0.0868593  0.165906  0.228493  0.178797  0.076416  0.153797  0.161342  0.113131  0.178325  0.155048  0.147461   0.15261  0.191751
0.0705813   0.11466 0.0994736  0.162767  0.124387  0.109375  0.131482  0.203254  0.217032  0.207721 0.0879948  0.168962  0.178797  0.210386 0.0831801  0.162441  0.161349  0.122879   0.18113  0.162108  0.146534  0.160428  0.196907
0.0465802  0.191406   0.21946  0.150568  0.173611  0.191964  0.136513  0.116719 0.0978484   0.11875 0.0839661  0.135123  0.076416 0.0831801 0.0333333   0.10975  0.113467  0.100962  0.107558 0.0982143  0.131696  0.170455  0.130515
0.0671321   0.17275  0.141455  0.239091  0.173333  0.157714  0.206632   0.28712  0.276918      0.32  0.113383   0.27107  0.153797  0.162441   0.10975  0.307534  0.291381  0.195846  0.275907  0.210857  0.232714  0.241909  0.324824
 0.067217  0.194196  0.151921  0.265693  0.182209  0.161565  0.211153  0.293482  0.277469  0.324405  0.118046  0.295817  0.161342  0.161349  0.113467  0.291381  0.370188    0.1962  0.285991  0.218766  0.259354  0.265287  0.351015
0.0511611  0.139423  0.109703   0.20979 0.0961538  0.118132   0.15081  0.211538  0.217213  0.288462  0.102983  0.190953  0.113131  0.122879  0.100962  0.195846    0.1962  0.353846  0.204383  0.163356  0.133242   0.19493   0.18552
0.0711935  0.219477  0.156448  0.254228  0.198966  0.184385  0.232252  0.343343  0.323961  0.368605  0.127092  0.320832  0.178325   0.18113  0.107558  0.275907  0.285991  0.204383  0.354856  0.248019  0.280731  0.289905  0.383721
0.0683703  0.160371  0.136301  0.207293  0.149267  0.131672  0.184355  0.270275  0.284228  0.282967  0.106565  0.230305  0.155048  0.162108 0.0982143  0.210857  0.218766  0.163356  0.248019  0.207638  0.204082  0.228022  0.273271
0.0569407  0.283482  0.193182  0.295455  0.267857  0.220663  0.277256  0.298036  0.265808  0.303571  0.126836  0.288984  0.147461  0.146534  0.131696  0.232714  0.259354  0.133242  0.280731  0.204082  0.312169  0.382305  0.315126
0.0593911  0.522727  0.331095   0.53719  0.497475  0.403409  0.444976  0.297045  0.286513  0.293182  0.136151  0.387324   0.15261  0.160428  0.170455  0.241909  0.265287   0.19493  0.289905  0.228022  0.382305  0.640592  0.337567
0.0801887  0.233456  0.184826  0.356952  0.205882  0.196429  0.246904  0.421029  0.389344  0.432353  0.138057    0.4186  0.191751  0.196907  0.130515  0.324824  0.351015   0.18552  0.383721  0.273271  0.315126  0.337567  0.618538
