  0.0193844 1.75672e-06 3.79614e-06 1.07813e-06 2.34739e-06 3.01056e-06  1.9256e-06  1.4334e-06 1.07843e-06 1.34841e-06 9.51786e-06 5.42013e-07  1.6824e-06 1.50813e-05 4.73761e-06 5.33641e-06 9.52445e-07 9.49436e-06 9.16719e-07 7.26367e-06 1.01798e-06 2.44125e-06 9.67144e-07
1.75672e-06  0.00176362 0.000209659 0.000201536 0.000477288 0.000109648 0.000334994 3.98586e-05 2.19397e-05 4.09023e-05 0.000106185 2.53684e-05 3.76533e-07 5.21366e-06   8.691e-05 1.89798e-06  2.6686e-06 2.22072e-06 9.82933e-06 1.16463e-05  9.7481e-05 0.000134153 2.82982e-05
3.79614e-06 0.000209659   0.0035305 0.000132565   0.0005985 0.000504572 0.000358782 0.000106187 5.64354e-05  0.00010887 0.000167013 5.63096e-05 7.81002e-07  1.2595e-05 0.000547207 3.89134e-06 4.09448e-06  1.8056e-06 2.44971e-05 2.97287e-05 2.32483e-05 0.000432213  7.5406e-05
1.07813e-06 0.000201536 0.000132565  0.00252088 0.000149245 9.45465e-05 0.000279464 4.10388e-05 2.31348e-05 4.22165e-05 4.00248e-05 3.33547e-05  3.7995e-07 5.48933e-06 6.19943e-05 1.91577e-06 2.73702e-06 1.49649e-06 1.04992e-05 1.20875e-05 9.32073e-05 0.000133842 2.94534e-05
2.34739e-06 0.000477288   0.0005985 0.000149245   0.0051644 0.000223222 0.000584369 6.23824e-05 3.37742e-05 6.37003e-05 0.000142488 3.55655e-05 5.25333e-07 7.74726e-06 0.000202527 2.53451e-06 2.94028e-06 1.80068e-06 1.49308e-05 1.79361e-05 3.68836e-05 0.000231119 4.46908e-05
3.01056e-06 0.000109648 0.000504572 9.45465e-05 0.000223222  0.00331245 0.000271856 0.000119843 6.70885e-05 0.000122583 0.000106775 6.06904e-05 9.24014e-07 1.46782e-05 0.000434879 4.40294e-06 4.41635e-06 1.57376e-06 2.88155e-05 3.45366e-05 1.50673e-05 0.000441268 8.77733e-05
 1.9256e-06 0.000334994 0.000358782 0.000279464 0.000584369 0.000271856  0.00209114 8.31807e-05 4.62045e-05  8.5215e-05 8.54623e-05 4.73612e-05  6.9765e-07 1.05137e-05 0.000196106 3.37385e-06 3.71852e-06 1.59827e-06 2.03515e-05 2.41872e-05 3.60904e-05 0.000306801 5.98114e-05
 1.4334e-06 3.98586e-05 0.000106187 4.10388e-05 6.23824e-05 0.000119843 8.31807e-05 0.000246344 0.000233357 0.000235685 3.12063e-05 8.58325e-05 3.34801e-06 4.37661e-05 8.54744e-05 1.04649e-05 8.61425e-06 1.52172e-06 6.99841e-05 8.23489e-05  7.0744e-06  0.00014077  0.00017341
1.07843e-06 2.19397e-05 5.64354e-05 2.31348e-05 3.37742e-05 6.70885e-05 4.62045e-05 0.000233357  0.00269594 0.000228846  1.7248e-05 6.65319e-05 3.87155e-06  5.0047e-05 4.48515e-05 9.26198e-06 6.59981e-06 1.24552e-06 6.08108e-05 9.30685e-05 4.29283e-06 8.11843e-05   0.0001522
1.34841e-06 4.09023e-05  0.00010887 4.22165e-05 6.37003e-05 0.000122583  8.5215e-05 0.000235685 0.000228846 0.000331493 3.18564e-05 8.66391e-05 3.00266e-06 4.14306e-05 8.74025e-05 1.01817e-05 8.60559e-06 1.47727e-06 6.89947e-05 7.97379e-05 7.21089e-06 0.000144186 0.000174251
9.51786e-06 0.000106185 0.000167013 4.00248e-05 0.000142488 0.000106775 8.54623e-05 3.12063e-05  1.7248e-05 3.18564e-05  0.00070369 1.84784e-05 3.14999e-07 4.66072e-06 0.000145853 1.81206e-06 2.24927e-06 4.36561e-06  8.0075e-06 9.79607e-06 1.63335e-05 9.85103e-05 2.24109e-05
5.42013e-07 2.53684e-05 5.63096e-05 3.33547e-05 3.55655e-05 6.06904e-05 4.73612e-05 8.58325e-05 6.65319e-05 8.66391e-05 1.84784e-05 0.000729374 1.09579e-06 1.57069e-05 4.33356e-05 1.36258e-05   3.218e-05 2.98805e-06 5.30911e-05 3.38969e-05 1.56761e-05 7.28555e-05 8.87556e-05
 1.6824e-06 3.76533e-07 7.81002e-07  3.7995e-07 5.25333e-07 9.24014e-07  6.9765e-07 3.34801e-06 3.87155e-06 3.00266e-06 3.14999e-07 1.09579e-06  0.00922264 3.14359e-05 5.88119e-07   5.809e-07 1.78166e-07 1.11308e-07 1.27525e-06 3.88078e-06 7.54853e-08  1.1664e-06 2.29552e-06
1.50813e-05 5.21366e-06  1.2595e-05 5.48933e-06 7.74726e-06 1.46782e-05 1.05137e-05 4.37661e-05  5.0047e-05 4.14306e-05 4.66072e-06 1.57069e-05 3.14359e-05  0.00252992 1.01175e-05 8.24975e-06 2.53426e-06 1.83247e-06 1.83979e-05 6.13586e-05 1.17691e-06  1.7481e-05 3.19939e-05
4.73761e-06   8.691e-05 0.000547207 6.19943e-05 0.000202527 0.000434879 0.000196106 8.54744e-05 4.48515e-05 8.74025e-05 0.000145853 4.33356e-05 5.88119e-07 1.01175e-05  0.00412513 3.06996e-06  3.0571e-06 1.50792e-06 1.94809e-05 2.40098e-05 9.81447e-06 0.000334846 6.10639e-05
5.33641e-06 1.89798e-06 3.89134e-06 1.91577e-06 2.53451e-06 4.40294e-06 3.37385e-06 1.04649e-05 9.26198e-06 1.01817e-05 1.81206e-06 1.36258e-05   5.809e-07 8.24975e-06 3.06996e-06  0.00106854 0.000144582  0.00016389  8.6667e-05 5.14587e-05 1.45821e-06 5.23696e-06 2.07759e-05
9.52445e-07  2.6686e-06 4.09448e-06 2.73702e-06 2.94028e-06 4.41635e-06 3.71852e-06 8.61425e-06 6.59981e-06 8.60559e-06 2.24927e-06   3.218e-05 1.78166e-07 2.53426e-06  3.0571e-06 0.000144582   0.0011164 0.000100689 5.62086e-05 1.28984e-05 6.91282e-06 5.34662e-06 1.98577e-05
9.49436e-06 2.22072e-06  1.8056e-06 1.49649e-06 1.80068e-06 1.57376e-06 1.59827e-06 1.52172e-06 1.24552e-06 1.47727e-06 4.36561e-06 2.98805e-06 1.11308e-07 1.83247e-06 1.50792e-06  0.00016389 0.000100689  0.00251639 9.68372e-06 8.18359e-06 4.98123e-06 1.72347e-06 2.32814e-06
9.16719e-07 9.82933e-06 2.44971e-05 1.04992e-05 1.49308e-05 2.88155e-05 2.03515e-05 6.99841e-05 6.08108e-05 6.89947e-05  8.0075e-06 5.30911e-05 1.27525e-06 1.83979e-05 1.94809e-05  8.6667e-05 5.62086e-05 9.68372e-06  0.00218599 8.30739e-05 2.65388e-06 3.39322e-05  0.00030858
7.26367e-06 1.16463e-05 2.97287e-05 1.20875e-05 1.79361e-05 3.45366e-05 2.41872e-05 8.23489e-05 9.30685e-05 7.97379e-05 9.79607e-06 3.38969e-05 3.88078e-06 6.13586e-05 2.40098e-05 5.14587e-05 1.28984e-05 8.18359e-06 8.30739e-05 0.000359473 2.58559e-06 4.04618e-05 6.89829e-05
1.01798e-06  9.7481e-05 2.32483e-05 9.32073e-05 3.68836e-05 1.50673e-05 3.60904e-05  7.0744e-06 4.29283e-06 7.21089e-06 1.63335e-05 1.56761e-05 7.54853e-08 1.17691e-06 9.81447e-06 1.45821e-06 6.91282e-06 4.98123e-06 2.65388e-06 2.58559e-06  0.00209949 1.92119e-05 5.79045e-06
2.44125e-06 0.000134153 0.000432213 0.000133842 0.000231119 0.000441268 0.000306801  0.00014077 8.11843e-05 0.000144186 9.85103e-05 7.28555e-05  1.1664e-06  1.7481e-05 0.000334846 5.23696e-06 5.34662e-06 1.72347e-06 3.39322e-05 4.04618e-05 1.92119e-05 0.000861611 0.000100937
9.67144e-07 2.82982e-05  7.5406e-05 2.94534e-05 4.46908e-05 8.77733e-05 5.98114e-05  0.00017341   0.0001522 0.000174251 2.24109e-05 8.87556e-05 2.29552e-06 3.19939e-05 6.10639e-05 2.07759e-05 1.98577e-05 2.32814e-06  0.00030858 6.89829e-05 5.79045e-06 0.000100937  0.00263652
