 0.382542 0.0181366 0.0143864 0.0194305 0.0160091 0.0156057 0.0176635 0.0227917 0.0226433  0.022839 0.0187034 0.0219183 0.0215142  0.022204 0.0111342 0.0239906 0.0231741  0.024738 0.0229677  0.023306 0.0207139 0.0196961 0.0227618
0.0181366 0.0888042 0.0793629 0.0931189  0.085465 0.0889417 0.0942552 0.0739117  0.069631 0.0759091 0.0398954 0.0857711 0.0380675 0.0407531  0.054295 0.0648916 0.0719116 0.0630959 0.0738074 0.0572708 0.0810318 0.0991142 0.0788685
0.0143864 0.0793629  0.134782 0.0852032 0.0996953  0.113155 0.0987863 0.0546298 0.0506575 0.0561144 0.0362981 0.0692852 0.0284079 0.0304305 0.0870917 0.0496599 0.0559536 0.0489499 0.0561487 0.0430525 0.0679455 0.0935757 0.0600035
0.0194305 0.0931189 0.0852032  0.114182  0.091133  0.100925  0.108469 0.0916552 0.0859172 0.0944026 0.0426718  0.106719 0.0439451 0.0473209 0.0560999 0.0781381 0.0871181 0.0746367 0.0910863 0.0687673 0.0954385  0.123162 0.0982275
0.0160091  0.085465 0.0996953  0.091133  0.106427  0.104253  0.101951 0.0631753 0.0589502 0.0648779  0.038624 0.0774421 0.0325582 0.0348777 0.0695905 0.0565516   0.06333 0.0553749  0.064182 0.0493655 0.0747921 0.0987396 0.0686024
0.0156057 0.0889417  0.113155  0.100925  0.104253   0.14165  0.114335 0.0654207 0.0602989 0.0673322 0.0390249 0.0835692 0.0323767 0.0348639 0.0866865 0.0585199 0.0662288 0.0571337 0.0671424 0.0505725 0.0793647  0.115916  0.072214
0.0176635 0.0942552 0.0987863  0.108469  0.101951  0.114335   0.11964 0.0784666 0.0729961 0.0807962 0.0413947 0.0953499 0.0382749 0.0411997 0.0670464 0.0685179 0.0769276 0.0661743 0.0791982 0.0597867 0.0881229  0.120254 0.0852471
0.0227917 0.0739117 0.0546298 0.0916552 0.0631753 0.0654207 0.0784666  0.144021  0.147763  0.148993 0.0411132  0.116434 0.0624967  0.066447 0.0341436 0.0975132  0.102784 0.0883124  0.120336 0.0931265 0.0908948  0.100603   0.13213
0.0226433  0.069631 0.0506575 0.0859172 0.0589502 0.0602989 0.0729961  0.147763  0.204228  0.152549 0.0399135  0.110746  0.064535 0.0681722 0.0317669 0.0951476 0.0991987 0.0859229  0.117187 0.0926731 0.0863957 0.0935026   0.12826
 0.022839 0.0759091 0.0561144 0.0944026 0.0648779 0.0673322 0.0807962  0.148993  0.152549  0.156733 0.0418259  0.120133 0.0623913 0.0665709 0.0349792 0.0995349  0.105298 0.0901001  0.123617 0.0946231 0.0933559  0.103884  0.136492
0.0187034 0.0398954 0.0362981 0.0426718  0.038624 0.0390249 0.0413947 0.0411132 0.0399135 0.0418259 0.0306012 0.0432572 0.0263659 0.0276049 0.0278927 0.0376508 0.0399324 0.0373511 0.0405556 0.0345536 0.0411655 0.0444027 0.0421909
0.0219183 0.0857711 0.0692852  0.106719 0.0774421 0.0835692 0.0953499  0.116434  0.110746  0.120133 0.0432572  0.125977 0.0537156  0.057735 0.0438948 0.0938539  0.103484 0.0870779  0.112476 0.0841834  0.099744    0.1196  0.122238
0.0215142 0.0380675 0.0284079 0.0439451 0.0325582 0.0323767 0.0382749 0.0624967  0.064535 0.0623913 0.0263659 0.0537156  0.071706 0.0656032 0.0193336  0.055905 0.0538417 0.0514737 0.0587588  0.060274 0.0459163 0.0457989 0.0592947
 0.022204 0.0407531 0.0304305 0.0473209 0.0348777 0.0348639 0.0411997  0.066447 0.0681722 0.0665709 0.0276049  0.057735 0.0656032 0.0652591 0.0205372 0.0588186 0.0572089 0.0542158 0.0624871 0.0624547 0.0491489 0.0495354 0.0634274
0.0111342  0.054295 0.0870917 0.0560999 0.0695905 0.0866865 0.0670464 0.0341436 0.0317669 0.0349792 0.0278927 0.0438948 0.0193336 0.0205372  0.143204 0.0321634 0.0360637 0.0322061 0.0355271 0.0279276  0.044806 0.0599618 0.0376099
0.0239906 0.0648916 0.0496599 0.0781381 0.0565516 0.0585199 0.0685179 0.0975132 0.0951476 0.0995349 0.0376508 0.0938539  0.055905 0.0588186 0.0321634 0.0838964 0.0880071 0.0777134 0.0940786 0.0773207 0.0777064 0.0842901 0.0984844
0.0231741 0.0719116 0.0559536 0.0871181   0.06333 0.0662288 0.0769276  0.102784 0.0991987  0.105298 0.0399324  0.103484 0.0538417 0.0572089 0.0360637 0.0880071 0.0974728 0.0820523 0.0999319 0.0788374 0.0854323 0.0945797  0.105591
 0.024738 0.0630959 0.0489499 0.0746367 0.0553749 0.0571337 0.0661743 0.0883124 0.0859229 0.0901001 0.0373511 0.0870779 0.0514737 0.0542158 0.0322061 0.0777134 0.0820523 0.0751716 0.0855089 0.0708837 0.0744634 0.0799414 0.0895744
0.0229677 0.0738074 0.0561487 0.0910863  0.064182 0.0671424 0.0791982  0.120336  0.117187  0.123617 0.0405556  0.112476 0.0587588 0.0624871 0.0355271 0.0940786 0.0999319 0.0855089  0.113449 0.0876709 0.0891659 0.0999436  0.121684
 0.023306 0.0572708 0.0430525 0.0687673 0.0493655 0.0505725 0.0597867 0.0931265 0.0926731 0.0946231 0.0345536 0.0841834  0.060274 0.0624547 0.0279276 0.0773207 0.0788374 0.0708837 0.0876709 0.0769241  0.069231  0.073796 0.0913885
0.0207139 0.0810318 0.0679455 0.0954385 0.0747921 0.0793647 0.0881229 0.0908948 0.0863957 0.0933559 0.0411655  0.099744 0.0459163 0.0491489  0.044806 0.0777064 0.0854323 0.0744634 0.0891659  0.069231 0.0902346  0.102516 0.0954182
0.0196961 0.0991142 0.0935757  0.123162 0.0987396  0.115916  0.120254  0.100603 0.0935026  0.103884 0.0444027    0.1196 0.0457989 0.0495354 0.0599618 0.0842901 0.0945797 0.0799414 0.0999436  0.073796  0.102516  0.153101  0.108897
0.0227618 0.0788685 0.0600035 0.0982275 0.0686024  0.072214 0.0852471   0.13213   0.12826  0.136492 0.0421909  0.122238 0.0592947 0.0634274 0.0376099 0.0984844  0.105591 0.0895744  0.121684 0.0913885 0.0954182  0.108897  0.133789
