 0.473854 0.0170991  0.011042 0.0145798  0.019392 0.0208895 0.0176266 0.0226415 0.0229663 0.0198113 0.0160245 0.0189344 0.0197892 0.0220241 0.0135613 0.0202264 0.0222934 0.0134253 0.0206231 0.0210968 0.0148248 0.0235849 0.0194229
0.0170991  0.116667  0.147727 0.0710227     0.125  0.104911  0.103618 0.0635938 0.0491803   0.06875 0.0294977 0.0809859 0.0314941 0.0340074 0.0273438     0.047 0.0584077 0.0528846  0.056686  0.040522 0.0736607  0.160511 0.0716912
 0.011042  0.147727  0.221003  0.102789  0.157828  0.114042 0.0795455 0.0517898 0.0461997 0.0727273  0.032843 0.0641805 0.0315163 0.0316678 0.0823864 0.0446818 0.0507982 0.0319056  0.046908 0.0415834    0.0625  0.110537 0.0665107
0.0145798 0.0710227  0.102789  0.190476  0.161616  0.107143  0.107656 0.0980682 0.0763785  0.131818 0.0391886    0.1258 0.0426136 0.0454545 0.0426136 0.0772727 0.0795455 0.0856643  0.082981 0.0706793   0.11526   0.19938  0.132353
 0.019392     0.125  0.157828  0.161616  0.248366   0.15873  0.114035 0.0691667 0.0778689 0.0833333 0.0416667 0.0966354 0.0325521 0.0394199 0.0555556 0.0577778 0.0469577 0.0512821 0.0671835 0.0491453 0.0833333  0.161616 0.0718954
0.0208895  0.104911  0.114042  0.107143   0.15873  0.108466 0.0902256 0.0659821 0.0614754 0.0678571 0.0352136 0.0741952 0.0380859 0.0372899  0.046875 0.0582857 0.0533588 0.0343407 0.0564784 0.0510204 0.0739796  0.141234 0.0735294
0.0176266  0.103618 0.0795455  0.107656  0.114035 0.0902256    0.1266 0.0748684  0.077006  0.107895 0.0354156  0.100259 0.0378289 0.0427632 0.0411184 0.0629474 0.0682957  0.055668 0.0777234 0.0572585 0.0855263   0.16567 0.0897833
0.0226415 0.0635938 0.0517898 0.0980682 0.0691667 0.0659821 0.0748684  0.137393  0.150061   0.15725 0.0414778  0.113908 0.0641016 0.0656618  0.034375   0.09521 0.0971726 0.0758654  0.111541 0.0902335 0.0982143  0.103011  0.151324
0.0229663 0.0491803 0.0461997 0.0763785 0.0778689 0.0614754  0.077006  0.150061  0.232489  0.218852 0.0418454  0.103267 0.0680392 0.0694612 0.0230533 0.0930492  0.087822 0.0712484  0.109798 0.0967844 0.0752342  0.105999  0.136692
0.0198113   0.06875 0.0727273  0.131818 0.0833333 0.0678571  0.107895   0.15725  0.218852       0.2 0.0453271  0.128873 0.0601563 0.0555147     0.025    0.1208  0.114286  0.115385  0.112791  0.107692 0.0857143  0.104545  0.194118
0.0160245 0.0294977  0.032843 0.0391886 0.0416667 0.0352136 0.0354156 0.0414778 0.0418454 0.0453271 0.0274683 0.0439154 0.0270152 0.0278312 0.0221963 0.0351308 0.0373693 0.0303738 0.0385514 0.0329927 0.0368825 0.0460387 0.0426745
0.0189344 0.0809859 0.0641805    0.1258 0.0966354 0.0741952  0.100259  0.113908  0.103267  0.128873 0.0439154  0.121067  0.051524 0.0545516 0.0294894 0.0900563   0.10576 0.0752979  0.114232  0.081605  0.104125   0.12356  0.161765
0.0197892 0.0314941 0.0315163 0.0426136 0.0325521 0.0380859 0.0378289 0.0641016 0.0680392 0.0601563 0.0270152  0.051524 0.0834252 0.0617389  0.019043 0.0504062 0.0529436 0.0422175 0.0585029 0.0516183  0.047154 0.0511364  0.065602
0.0220241 0.0340074 0.0316678 0.0454545 0.0394199 0.0372899 0.0427632 0.0656618 0.0694612 0.0555147 0.0278312 0.0545516 0.0617389 0.0768939 0.0211397 0.0518676 0.0502889 0.0402998 0.0554036 0.0551067 0.0488445 0.0450368 0.0698529
0.0135613 0.0273438 0.0823864 0.0426136 0.0555556  0.046875 0.0411184  0.034375 0.0230533     0.025 0.0221963 0.0294894  0.019043 0.0211397     0.025   0.02775   0.03125 0.0240385 0.0290698 0.0271291 0.0379464 0.0610795 0.0422794
0.0202264     0.047 0.0446818 0.0772727 0.0577778 0.0582857 0.0629474   0.09521 0.0930492    0.1208 0.0351308 0.0900563 0.0504062 0.0518676   0.02775  0.114924  0.105548 0.0643077 0.0964186 0.0726593     0.074 0.0791818     0.114
0.0222934 0.0584077 0.0507982 0.0795455 0.0469577 0.0533588 0.0682957 0.0971726  0.087822  0.114286 0.0373693   0.10576 0.0529436 0.0502889   0.03125  0.105548  0.143142 0.0707418 0.0936462 0.0748953 0.0858844 0.0887446     0.125
0.0134253 0.0528846 0.0319056 0.0856643 0.0512821 0.0343407  0.055668 0.0758654 0.0712484  0.115385 0.0303738 0.0752979 0.0422175 0.0402998 0.0240385 0.0643077 0.0707418  0.104615 0.0693202 0.0606509 0.0398352 0.0524476 0.0735294
0.0206231  0.056686  0.046908  0.082981 0.0671835 0.0564784 0.0777234  0.111541  0.109798  0.112791 0.0385514  0.114232 0.0585029 0.0554036 0.0290698 0.0964186 0.0936462 0.0693202  0.126949 0.0859315  0.092608  0.103066  0.139535
0.0210968  0.040522 0.0415834 0.0706793 0.0491453 0.0510204 0.0572585 0.0902335 0.0967844  0.107692 0.0329927  0.081605 0.0516183 0.0551067 0.0271291 0.0726593 0.0748953 0.0606509 0.0859315 0.0713982 0.0671115 0.0724276 0.0832256
0.0148248 0.0736607    0.0625   0.11526 0.0833333 0.0739796 0.0855263 0.0982143 0.0752342 0.0857143 0.0368825  0.104125  0.047154 0.0488445 0.0379464     0.074 0.0858844 0.0398352  0.092608 0.0671115 0.0952381  0.133929 0.0955882
0.0235849  0.160511  0.110537   0.19938  0.161616  0.141234   0.16567  0.103011  0.105999  0.104545 0.0460387   0.12356 0.0511364 0.0450368 0.0610795 0.0791818 0.0887446 0.0524476  0.103066 0.0724276  0.133929  0.218816  0.135695
0.0194229 0.0716912 0.0665107  0.132353 0.0718954 0.0735294 0.0897833  0.151324  0.136692  0.194118 0.0426745  0.161765  0.065602 0.0698529 0.0422794     0.114     0.125 0.0735294  0.139535 0.0832256 0.0955882  0.135695  0.221034
